564.631775;1790;
564.642517;1790;
564.653259;1790;
564.664001;1789;
564.674744;1790;
564.685486;1790;
564.696167;1790;
564.706909;1789;
564.717651;1790;
564.728394;1790;
564.739136;1790;
564.749878;1790;
564.760620;1790;
564.771362;1789;
564.782104;1790;
564.792847;1790;
564.803589;1791;
564.814331;1789;
564.825073;1814;
564.835815;1790;
564.846558;1790;
564.857300;1790;
564.868042;1789;
564.878784;1790;
564.889526;1790;
564.900269;1790;
564.911011;1790;
564.921753;1790;
564.932495;1991;
564.943237;1790;
564.953979;1789;
564.964722;1790;
564.975464;1790;
564.986206;1790;
564.996948;1790;
565.007690;1791;
565.018433;1790;
565.029175;1790;
565.039917;1790;
565.050659;1790;
565.061401;1790;
565.072144;1790;
565.082886;1789;
565.093628;1789;
565.104370;1789;
565.115051;1790;
565.125793;1790;
565.136536;1790;
565.147278;1790;
565.158020;1790;
565.168762;1790;
565.179504;1791;
565.190247;1790;
565.200989;1790;
565.211731;1789;
565.222473;1790;
565.233215;1790;
565.243958;1790;
565.254700;1789;
565.265442;1790;
565.276184;1790;
565.286926;1790;
565.297668;1789;
565.308411;1788;
565.319153;1789;
565.329895;1790;
565.340637;1789;
565.351379;1790;
565.362122;1790;
565.372864;1790;
565.383606;1790;
565.394348;1790;
565.405090;1790;
565.415833;1790;
565.426575;1790;
565.437317;1790;
565.448059;1790;
565.458801;1790;
565.469543;1790;
565.480286;1790;
565.491028;1789;
565.501770;1789;
565.512512;1790;
565.523193;1790;
565.533936;1789;
565.544678;1790;
565.555420;1830;
565.566162;1790;
565.576904;1790;
565.587646;1789;
565.598389;1789;
565.609131;2045;
565.619873;1791;
565.630615;1790;
565.641357;1790;
565.652100;1789;
565.662842;1790;
565.673584;1790;
565.684326;1789;
565.695068;1790;
565.705811;1790;
565.716553;1790;
565.727295;1790;
565.738037;1790;
565.748779;1788;
565.759521;1790;
565.770264;1790;
565.781006;1795;
565.791748;1790;
565.802490;1790;
565.813232;1790;
565.823975;1790;
565.834717;1789;
565.845459;1790;
565.856201;1790;
565.866943;1789;
565.877686;1790;
565.888428;1790;
565.899170;1790;
565.909912;1790;
565.920654;1790;
565.931396;1790;
565.942078;1790;
565.952820;1788;
565.963562;1790;
565.974304;1790;
565.985046;1790;
565.995789;1789;
566.006531;1790;
566.017273;1790;
566.028015;1790;
566.038757;1790;
566.049500;1790;
566.060242;1788;
566.070984;1790;
566.081726;1890;
566.092468;1790;
566.103210;1790;
566.113953;1790;
566.124695;1790;
566.135437;1790;
566.146179;1790;
566.156921;1790;
566.167664;1790;
566.178406;1790;
566.189148;1790;
566.199890;1790;
566.210632;1790;
566.221375;1790;
566.232117;1790;
566.242859;1790;
566.253601;1789;
566.264343;1789;
566.275085;1789;
566.285828;1790;
566.296570;1790;
566.307312;1790;
566.318054;1790;
566.328796;1790;
566.339539;1790;
566.350220;1789;
566.360962;1789;
566.371704;1789;
566.382446;1791;
566.393188;1789;
566.403931;1790;
566.414673;1790;
566.425415;1790;
566.436157;1790;
566.446899;1790;
566.457642;1790;
566.468384;1790;
566.479126;1789;
566.489868;1790;
566.500610;1789;
566.511353;1790;
566.522095;1790;
566.532837;1790;
566.543579;1789;
566.554321;1790;
566.565063;1790;
566.575806;1790;
566.586548;1790;
566.597290;1790;
566.608032;1790;
566.618774;1790;
566.629517;1790;
566.640259;1790;
566.651001;1790;
566.661743;1790;
566.672485;1790;
566.683228;1790;
566.693970;1790;
566.704712;1790;
566.715454;1790;
566.726196;1790;
566.736938;1789;
566.747681;1790;
566.758423;1790;
566.769104;1789;
566.779846;1790;
566.790588;1790;
566.801331;1790;
566.812073;1790;
566.822815;1790;
566.833557;1790;
566.844299;1790;
566.855042;1790;
566.865784;1850;
566.876526;1790;
566.887268;1790;
566.898010;1790;
566.908752;1790;
566.919495;1795;
566.930237;1790;
566.940979;1789;
566.951721;1790;
566.962463;1790;
566.973206;1789;
566.983948;1790;
566.994690;1789;
567.005432;1790;
567.016174;1790;
567.026917;1790;
567.037659;1790;
567.048401;1896;
567.059143;1790;
567.069885;1789;
567.080627;1788;
567.091370;1790;
567.102112;1790;
567.112854;1790;
567.123596;1790;
567.134338;1790;
567.145081;1790;
567.155823;1790;
567.166565;1790;
567.177307;1789;
567.187988;1789;
567.198730;1790;
567.209473;1790;
567.220215;1789;
567.230957;1790;
567.241699;1790;
567.252441;1789;
567.263184;1790;
567.273926;1790;
567.284668;1790;
567.295410;1790;
567.306152;1789;
567.316895;1790;
567.327637;1790;
567.338379;1790;
567.349121;1790;
567.359863;1790;
567.370605;1790;
567.381348;1789;
567.392090;1790;
567.402832;1790;
567.413574;1790;
567.424316;1790;
567.435059;1789;
567.445801;1788;
567.456543;1790;
567.467285;1790;
567.478027;1790;
567.488770;1790;
567.499512;1789;
567.510254;1790;
567.520996;1790;
567.531738;1790;
567.542480;1790;
567.553223;1789;
567.563965;1788;
567.574707;1790;
567.585449;1790;
567.596130;1790;
567.606873;1790;
567.617615;1790;
567.628357;1790;
567.639099;1790;
567.649841;1790;
567.660583;1790;
567.671326;1790;
567.682068;1788;
567.692810;1790;
567.703552;1790;
567.714294;1790;
567.725037;1790;
567.735779;1790;
567.746521;1790;
567.757263;1790;
567.768005;1790;
567.778748;1790;
567.789490;1790;
567.800232;1789;
567.810974;1790;
567.821716;1790;
567.832458;1790;
567.843201;1790;
567.853943;1790;
567.864685;1790;
567.875427;1789;
567.886169;1789;
567.896912;1790;
567.907654;1790;
567.918396;1790;
567.929138;1789;
567.939880;1790;
567.950623;1790;
567.961365;1790;
567.972107;1790;
567.982849;1791;
567.993591;1790;
568.004333;1789;
568.015015;1790;
568.025757;1790;
568.036499;1790;
568.047241;1789;
568.057983;1788;
568.068726;1790;
568.079468;1790;
568.090210;1790;
568.100952;1790;
568.111694;1789;
568.122437;1790;
568.133179;1790;
568.143921;1790;
568.154663;1790;
568.165405;1790;
568.176147;1790;
568.186890;1790;
568.197632;1790;
568.208374;1790;
568.219116;1790;
568.229858;1790;
568.240601;1789;
568.251343;1790;
568.262085;1790;
568.272827;1790;
568.283569;1790;
568.294312;1790;
568.305054;1790;
568.315796;1790;
568.326538;1789;
568.337280;1790;
568.348022;1790;
568.358765;1790;
568.369507;1789;
568.380249;1790;
568.390991;1790;
568.401733;1790;
568.412476;1790;
568.423157;1789;
568.433899;1789;
568.444641;1790;
568.455383;1790;
568.466125;1790;
568.476868;1789;
568.487610;1790;
568.498352;1789;
568.509094;1789;
568.519836;1789;
568.530579;1790;
568.541321;1790;
568.552063;1790;
568.562805;1790;
568.573547;1790;
568.584290;1790;
568.595032;1790;
568.605774;1790;
568.616516;1790;
568.627258;1789;
568.638000;1790;
568.648743;1789;
568.659485;1789;
568.670227;1790;
568.680969;1790;
568.691711;1789;
568.702454;1790;
568.713196;1790;
568.723938;1790;
568.734680;1788;
568.745422;1788;
568.756165;1789;
568.766907;1790;
568.777649;1790;
568.788391;1790;
568.799133;1790;
568.809875;1790;
568.820618;1789;
568.831360;1790;
568.842041;1790;
568.852783;1790;
568.863525;1790;
568.874268;1790;
568.885010;1789;
568.895752;1789;
568.906494;1790;
568.917236;1790;
568.927979;1790;
568.938721;1790;
568.949463;1789;
568.960205;1789;
568.970947;1790;
568.981689;1789;
568.992432;1790;
569.003174;1790;
569.013916;1790;
569.024658;1789;
569.035400;1789;
569.046143;1790;
569.056885;1790;
569.067627;1789;
569.078369;1789;
569.089111;1790;
569.099854;1790;
569.110596;1790;
569.121338;1789;
569.132080;1788;
569.142822;1790;
569.153564;1790;
569.164307;1790;
569.175049;1790;
569.185791;1790;
569.196533;1790;
569.207275;1790;
569.218018;1790;
569.228760;1790;
569.239502;1790;
569.250244;1790;
569.260925;1790;
569.271667;1789;
569.282410;1790;
569.293152;1790;
569.303894;1790;
569.314636;1790;
569.325378;1790;
569.336121;1790;
569.346863;1790;
569.357605;1790;
569.368347;1790;
569.379089;1790;
569.389832;1789;
569.400574;1790;
569.411316;1790;
569.422058;1790;
569.432800;1790;
569.443542;1790;
569.454285;1789;
569.465027;1789;
569.475769;1790;
569.486511;1790;
569.497253;1790;
569.507996;1790;
569.518738;1790;
569.529480;1790;
569.540222;1790;
569.550964;1789;
569.561707;1790;
569.572449;1789;
569.583191;1790;
569.593933;1790;
569.604675;1790;
569.615417;1790;
569.626160;1790;
569.636902;1790;
569.647644;1790;
569.658386;1790;
569.669067;1790;
569.679810;1789;
569.690552;1789;
569.701294;1790;
569.712036;1790;
569.722778;1789;
569.733521;1790;
569.744263;1790;
569.755005;1790;
569.765747;1790;
569.776489;1790;
569.787231;1789;
569.797974;1789;
569.808716;1790;
569.819458;1790;
569.830200;1790;
569.840942;1790;
569.851685;1790;
569.862427;1789;
569.873169;1790;
569.883911;1790;
569.894653;1790;
569.905396;1789;
569.916138;1789;
569.926880;1790;
569.937622;1789;
569.948364;1789;
569.959106;1790;
569.969849;1790;
569.980591;1789;
569.991333;1790;
570.002075;1790;
570.012817;1790;
570.023560;1790;
570.034302;1790;
570.045044;1790;
570.055786;1790;
570.066528;1789;
570.077271;1789;
570.087952;1790;
570.098694;1789;
570.109436;1790;
570.120178;1788;
570.130920;1789;
570.141663;1788;
570.152405;1790;
570.163147;1789;
570.173889;1789;
570.184631;1789;
570.195374;1790;
570.206116;1789;
570.216858;1790;
570.227600;1790;
570.238342;1790;
570.249084;1790;
570.259827;1789;
570.270569;1790;
570.281311;1790;
570.292053;1790;
570.302795;1790;
570.313538;1790;
570.324280;1790;
570.335022;1788;
570.345764;1790;
570.356506;1790;
570.367249;1790;
570.377991;1790;
570.388733;1790;
570.399475;1790;
570.410217;1790;
570.420959;1790;
570.431702;1789;
570.442444;1790;
570.453186;1789;
570.463928;1790;
570.474670;1790;
570.485413;1789;
570.496094;1790;
570.506836;1790;
570.517578;1790;
570.528320;1790;
570.539063;1789;
570.549805;1789;
570.560547;1790;
570.571289;1789;
570.582031;1790;
570.592773;1790;
570.603516;1790;
570.614258;1789;
570.625000;1791;
570.635742;1789;
570.646484;1790;
570.657227;1790;
570.667969;1790;
570.678711;1790;
570.689453;1790;
570.700195;1789;
570.710938;1790;
570.721680;1790;
570.732422;1790;
570.743164;1789;
570.753906;1790;
570.764648;1790;
570.775391;1789;
570.786133;1790;
570.796875;1789;
570.807617;1789;
570.818359;1790;
570.829102;1790;
570.839844;1789;
570.850586;1790;
570.861328;1790;
570.872070;1790;
570.882813;1790;
570.893555;1790;
570.904297;1790;
570.914978;1790;
570.925720;1789;
570.936462;1790;
570.947205;1790;
570.957947;1790;
570.968689;1789;
570.979431;1789;
570.990173;1790;
571.000916;1788;
571.011658;1790;
571.022400;1790;
571.033142;1790;
571.043884;1790;
571.054626;1790;
571.065369;1795;
571.076111;1790;
571.086853;1790;
571.097595;1790;
571.108337;1790;
571.119080;1790;
571.129822;1790;
571.140564;1790;
571.151306;1790;
571.162048;1790;
571.172791;1790;
571.183533;1790;
571.194275;1789;
571.205017;1790;
571.215759;1790;
571.226501;1790;
571.237244;1790;
571.247986;1790;
571.258728;1788;
571.269470;1790;
571.280212;1790;
571.290955;1790;
571.301697;1790;
571.312439;1788;
571.323120;1790;
571.333862;1790;
571.344604;1790;
571.355347;1789;
571.366089;1790;
571.376831;1789;
571.387573;1790;
571.398315;1790;
571.409058;1790;
571.419800;1790;
571.430542;1790;
571.441284;1789;
571.452026;1790;
571.462769;1790;
571.473511;1790;
571.484253;1789;
571.494995;1790;
571.505737;1789;
571.516479;1790;
571.527222;1790;
571.537964;1789;
571.548706;1790;
571.559448;1790;
571.570190;1790;
571.580933;1790;
571.591675;1790;
571.602417;1790;
571.613159;1789;
571.623901;1790;
571.634644;1790;
571.645386;1790;
571.656128;1790;
571.666870;1789;
571.677612;1789;
571.688354;1789;
571.699097;1790;
571.709839;1790;
571.720581;1790;
571.731323;1790;
571.742004;1790;
571.752747;1790;
571.763489;1790;
571.774231;1790;
571.784973;1790;
571.795715;1790;
571.806458;1789;
571.817200;1790;
571.827942;1790;
571.838684;1790;
571.849426;1790;
571.860168;1790;
571.870911;1789;
571.881653;1789;
571.892395;1789;
571.903137;1790;
571.913879;1789;
571.924622;1790;
571.935364;1790;
571.946106;1790;
571.956848;1790;
571.967590;1789;
571.978333;1789;
571.989075;1790;
571.999817;1794;
572.010559;1790;
572.021301;1790;
572.032043;1790;
572.042786;1790;
572.053528;1790;
572.064270;1788;
572.075012;1790;
572.085754;1790;
572.096497;1796;
572.107239;1790;
572.117981;1790;
572.128723;1790;
572.139465;1790;
572.150146;1790;
572.160889;1790;
572.171631;1790;
572.182373;1790;
572.193115;1790;
572.203857;1886;
572.214600;1790;
572.225342;1790;
572.236084;1789;
572.246826;1789;
572.257568;1790;
572.268311;1790;
572.279053;1790;
572.289795;1790;
572.300537;1790;
572.311279;1790;
572.322021;1790;
572.332764;1790;
572.343506;1790;
572.354248;1789;
572.364990;1790;
572.375732;1789;
572.386475;1790;
572.397217;1790;
572.407959;1790;
572.418701;1790;
572.429443;1790;
572.440186;1790;
572.450928;1790;
572.461670;1789;
572.472412;1789;
572.483154;1790;
572.493896;1789;
572.504639;1790;
572.515381;1790;
572.526123;1789;
572.536865;1794;
572.547607;1790;
572.558350;1790;
572.569031;1790;
572.579773;1790;
572.590515;1790;
572.601257;1790;
572.612000;1788;
572.622742;1789;
572.633484;1789;
572.644226;1789;
572.654968;1790;
572.665710;1790;
572.676453;1790;
572.687195;1790;
572.697937;1790;
572.708679;1790;
572.719421;1790;
572.730164;1790;
572.740906;1790;
572.751648;1791;
572.762390;1790;
572.773132;1790;
572.783875;1790;
572.794617;1790;
572.805359;1790;
572.816101;1790;
572.826843;1789;
572.837585;1790;
572.848328;1790;
572.859070;1790;
572.869812;1790;
572.880554;1790;
572.891296;1790;
572.902039;1788;
572.912781;1790;
572.923523;1790;
572.934265;1790;
572.945007;1790;
572.955750;1790;
572.966492;1789;
572.977234;1790;
572.987915;1790;
572.998657;1790;
573.009399;1790;
573.020142;1789;
573.030884;1789;
573.041626;1790;
573.052368;1790;
573.063110;1790;
573.073853;1790;
573.084595;1790;
573.095337;1790;
573.106079;1789;
573.116821;1790;
573.127563;1790;
573.138306;1790;
573.149048;1790;
573.159790;1790;
573.170532;1790;
573.181274;1789;
573.192017;1790;
573.202759;1790;
573.213501;1790;
573.224243;1790;
573.234985;1790;
573.245728;1790;
573.256470;1791;
573.267212;1790;
573.277954;1790;
573.288696;1790;
573.299438;1790;
573.310181;1796;
573.320923;1790;
573.331665;1789;
573.342407;1790;
573.353149;1795;
573.363892;1790;
573.374634;1790;
573.385376;1789;
573.396057;1789;
573.406799;1790;
573.417542;1789;
573.428284;1790;
573.439026;1789;
573.449768;1794;
573.460510;1790;
573.471252;1788;
573.481995;1790;
573.492737;1790;
573.503479;1790;
573.514221;1790;
573.524963;1789;
573.535706;1790;
573.546448;1790;
573.557190;1790;
573.567932;1790;
573.578674;1790;
573.589417;1790;
573.600159;1790;
573.610901;1789;
573.621643;1790;
573.632385;1790;
573.643127;1789;
573.653870;1790;
573.664612;1789;
573.675354;1790;
573.686096;1790;
573.696838;1790;
573.707581;1790;
573.718323;1790;
573.729065;1790;
573.739807;1790;
573.750549;1789;
573.761292;1790;
573.772034;1790;
573.782776;1790;
573.793518;1790;
573.804260;1790;
573.814941;1790;
573.825684;1790;
573.836426;1791;
573.847168;1790;
573.857910;1790;
573.868652;1789;
573.879395;1790;
573.890137;1789;
573.900879;1790;
573.911621;1790;
573.922363;1790;
573.933105;1790;
573.943848;1791;
573.954590;1790;
573.965332;1790;
573.976074;1789;
573.986816;1790;
573.997559;1789;
574.008301;1790;
574.019043;1790;
574.029785;1789;
574.040527;1790;
574.051270;1790;
574.062012;1790;
574.072754;1790;
574.083496;1794;
574.094238;1790;
574.104980;1790;
574.115723;1790;
574.126465;1790;
574.137207;1790;
574.147949;1790;
574.158691;1789;
574.169434;1790;
574.180176;1790;
574.190918;1790;
574.201660;1790;
574.212402;1790;
574.223083;1790;
574.233826;1790;
574.244568;1790;
574.255310;1790;
574.266052;1790;
574.276794;1790;
574.287537;1790;
574.298279;1790;
574.309021;1790;
574.319763;1790;
574.330505;1790;
574.341248;1789;
574.351990;1788;
574.362732;1789;
574.373474;1790;
574.384216;1790;
574.394958;1790;
574.405701;1790;
574.416443;1790;
574.427185;1790;
574.437927;1790;
574.448669;1790;
574.459412;1789;
574.470154;1789;
574.480896;1790;
574.491638;1790;
574.502380;1790;
574.513123;1790;
574.523865;1790;
574.534607;1790;
574.545349;1790;
574.556091;1788;
574.566833;1790;
574.577576;1790;
574.588318;1790;
574.599060;1790;
574.609802;1790;
574.620544;1790;
574.631287;1790;
574.641968;1791;
574.652710;1790;
574.663452;1790;
574.674194;1790;
574.684937;1789;
574.695679;1789;
574.706421;1790;
574.717163;1790;
574.727905;1790;
574.738647;1790;
574.749390;1790;
574.760132;1790;
574.770874;1789;
574.781616;1790;
574.792358;1790;
574.803101;1789;
574.813843;1790;
574.824585;1788;
574.835327;1790;
574.846069;1790;
574.856812;1789;
574.867554;1790;
574.878296;1789;
574.889038;1789;
574.899780;1789;
574.910522;1790;
574.921265;1788;
574.932007;1788;
574.942749;1788;
574.953491;1790;
574.964233;1789;
574.974976;1790;
574.985718;1789;
574.996460;1790;
575.007202;1790;
575.017944;1790;
575.028687;1790;
575.039429;1790;
575.050171;1790;
575.060852;1790;
575.071594;1790;
575.082336;1789;
575.093079;1791;
575.103821;1790;
575.114563;1791;
575.125305;1789;
575.136047;1795;
575.146790;1790;
575.157532;1790;
575.168274;1790;
575.179016;1790;
575.189758;1790;
575.200500;1789;
575.211243;1790;
575.221985;1788;
575.232727;1790;
575.243469;1789;
575.254211;1788;
575.264954;1790;
575.275696;1790;
575.286438;1787;
575.297180;1790;
575.307922;1790;
575.318665;1789;
575.329407;1789;
575.340149;1790;
575.350891;1790;
575.361633;1790;
575.372375;1789;
575.383118;1790;
575.393860;1790;
575.404602;1790;
575.415344;1790;
575.426086;1790;
575.436829;1790;
575.447571;1790;
575.458313;1790;
575.468994;1790;
575.479736;1790;
575.490479;1790;
575.501221;1790;
575.511963;1790;
575.522705;1790;
575.533447;1790;
575.544189;1789;
575.554932;1790;
575.565674;1788;
575.576416;1789;
575.587158;1790;
575.597900;1790;
575.608643;1789;
575.619385;1790;
575.630127;1790;
575.640869;1790;
575.651611;1790;
575.662354;1790;
575.673096;1789;
575.683838;1790;
575.694580;1790;
575.705322;1789;
575.716064;1788;
575.726807;1790;
575.737549;1790;
575.748291;1790;
575.759033;1790;
575.769775;1790;
575.780518;1790;
575.791260;1790;
575.802002;1791;
575.812744;1789;
575.823486;1811;
575.834229;1790;
575.844971;1790;
575.855713;1790;
575.866455;1789;
575.877197;1790;
575.887878;1790;
575.898621;1790;
575.909363;1790;
575.920105;1790;
575.930847;1790;
575.941589;1789;
575.952332;1790;
575.963074;1789;
575.973816;1790;
575.984558;1789;
575.995300;1790;
576.006042;1790;
576.016785;1789;
576.027527;1790;
576.038269;1790;
576.049011;1790;
576.059753;1790;
576.070496;1790;
576.081238;1790;
576.091980;1790;
576.102722;1790;
576.113464;1790;
576.124207;1790;
576.134949;1790;
576.145691;1789;
576.156433;1790;
576.167175;1789;
576.177917;1790;
576.188660;1789;
576.199402;1790;
576.210144;1790;
576.220886;1789;
576.231628;1789;
576.242371;1790;
576.253113;1790;
576.263855;1790;
576.274597;1790;
576.285339;1790;
576.296021;1790;
576.306763;1788;
576.317505;1790;
576.328247;1790;
576.338989;1790;
576.349731;1790;
576.360474;1789;
576.371216;1789;
576.381958;1790;
576.392700;1790;
576.403442;1790;
576.414185;1790;
576.424927;1789;
576.435669;1790;
576.446411;1790;
576.457153;1790;
576.467896;1790;
576.478638;1790;
576.489380;1790;
576.500122;1790;
576.510864;1790;
576.521606;1790;
576.532349;1823;
576.543091;2061;
576.553833;2165;
576.564575;2270;
576.575317;2263;
576.586060;2119;
576.596802;2066;
576.607544;2026;
576.618286;2008;
576.629028;1984;
576.639771;1956;
576.650513;1965;
576.661255;1939;
576.671997;1928;
576.682739;1917;
576.693481;1886;
576.704224;1856;
576.714905;1813;
576.725647;1796;
576.736389;1799;
576.747131;1802;
576.757874;1799;
576.768616;1799;
576.779358;1798;
576.790100;1795;
576.800842;1791;
576.811584;1795;
576.822327;1798;
576.833069;1794;
576.843811;1793;
576.854553;1790;
576.865295;1790;
576.876038;1790;
576.886780;1790;
576.897522;1789;
576.908264;1789;
576.919006;1790;
576.929749;1789;
576.940491;1790;
576.951233;1789;
576.961975;1790;
576.972717;1790;
576.983459;1790;
576.994202;1790;
577.004944;1790;
577.015686;1790;
577.026428;1790;
577.037170;1790;
577.047913;1790;
577.058655;1790;
577.069397;1790;
577.080139;1790;
577.090881;1790;
577.101624;1789;
577.112366;1790;
577.123047;1790;
577.133789;1789;
577.144531;1790;
577.155273;1790;
577.166016;1789;
577.176758;1790;
577.187500;1789;
577.198242;1789;
577.208984;1789;
577.219727;1790;
577.230469;1790;
577.241211;1790;
577.251953;1789;
577.262695;1790;
577.273438;1790;
577.284180;1790;
577.294922;1790;
577.305664;1789;
577.316406;1790;
577.327148;1789;
577.337891;1790;
577.348633;1790;
577.359375;1790;
577.370117;1790;
577.380859;1790;
577.391602;1790;
577.402344;1790;
577.413086;1788;
577.423828;1790;
577.434570;1790;
577.445313;1790;
577.456055;1790;
577.466797;1790;
577.477539;1790;
577.488281;1790;
577.499023;1789;
577.509766;1790;
577.520508;1790;
577.531250;1790;
577.541931;1789;
577.552673;1789;
577.563416;1789;
577.574158;1790;
577.584900;1790;
577.595642;1790;
577.606384;1789;
577.617126;1790;
577.627869;1790;
577.638611;1789;
577.649353;1790;
577.660095;1790;
577.670837;1790;
577.681580;1790;
577.692322;1790;
577.703064;1790;
577.713806;1789;
577.724548;1790;
577.735291;1790;
577.746033;1787;
577.756775;1790;
577.767517;1790;
577.778259;1790;
577.789001;1790;
577.799744;1790;
577.810486;1790;
577.821228;1790;
577.831970;1790;
577.842712;1790;
577.853455;1789;
577.864197;1790;
577.874939;1790;
577.885681;1790;
577.896423;1790;
577.907166;1790;
577.917908;1790;
577.928650;1790;
577.939392;1790;
577.950073;1788;
577.960815;1789;
577.971558;1790;
577.982300;1791;
577.993042;1790;
578.003784;1790;
578.014526;1790;
578.025269;1790;
578.036011;1790;
578.046753;1790;
578.057495;1790;
578.068237;1789;
578.078979;1789;
578.089722;1789;
578.100464;1790;
578.111206;1789;
578.121948;1791;
578.132690;1790;
578.143433;1789;
578.154175;1790;
578.164917;1794;
578.175659;1788;
578.186401;1790;
578.197144;1790;
578.207886;1790;
578.218628;1789;
578.229370;1790;
578.240112;1790;
578.250854;1790;
578.261597;1790;
578.272339;1790;
578.283081;1790;
578.293823;1789;
578.304565;1789;
578.315308;1790;
578.326050;1790;
578.336792;1789;
578.347534;1790;
578.358276;1790;
578.368958;1790;
578.379700;1789;
578.390442;1790;
578.401184;1790;
578.411926;1789;
578.422668;1790;
578.433411;1789;
578.444153;1790;
578.454895;1790;
578.465637;1789;
578.476379;1789;
578.487122;1790;
578.497864;1788;
578.508606;1789;
578.519348;1791;
578.530090;1790;
578.540833;1790;
578.551575;1790;
578.562317;1789;
578.573059;1790;
578.583801;1790;
578.594543;1790;
578.605286;1790;
578.616028;1790;
578.626770;1790;
578.637512;1789;
578.648254;1789;
578.658997;1790;
578.669739;1789;
578.680481;1790;
578.691223;1790;
578.701965;1790;
578.712708;1790;
578.723450;1790;
578.734192;1790;
578.744934;1790;
578.755676;1790;
578.766418;1790;
578.777161;1790;
578.787842;1790;
578.798584;1791;
578.809326;1790;
578.820068;1790;
578.830811;1790;
578.841553;1790;
578.852295;1790;
578.863037;1790;
578.873779;1789;
578.884521;1790;
578.895264;1787;
578.906006;1790;
578.916748;1790;
578.927490;1789;
578.938232;1790;
578.948975;1790;
578.959717;1790;
578.970459;1789;
578.981201;1790;
578.991943;1790;
579.002686;1789;
579.013428;1790;
579.024170;1790;
579.034912;1789;
579.045654;1790;
579.056396;1789;
579.067139;1790;
579.077881;1790;
579.088623;1789;
579.099365;1790;
579.110107;1789;
579.120850;1790;
579.131592;1790;
579.142334;1790;
579.153076;1790;
579.163818;1790;
579.174561;1790;
579.185303;1790;
579.195984;1790;
579.206726;1790;
579.217468;1789;
579.228210;1790;
579.238953;1790;
579.249695;1790;
579.260437;1789;
579.271179;1790;
579.281921;1790;
579.292664;1789;
579.303406;1790;
579.314148;1788;
579.324890;1789;
579.335632;1790;
579.346375;1790;
579.357117;1790;
579.367859;1789;
579.378601;1790;
579.389343;1790;
579.400085;1790;
579.410828;1790;
579.421570;1790;
579.432312;1789;
579.443054;1790;
579.453796;1790;
579.464539;1790;
579.475281;1788;
579.486023;1789;
579.496765;1790;
579.507507;1790;
579.518250;1790;
579.528992;1790;
579.539734;1790;
579.550476;1790;
579.561218;1789;
579.571960;1789;
579.582703;1790;
579.593445;1789;
579.604187;1790;
579.614868;1790;
579.625610;1790;
579.636353;1790;
579.647095;1790;
579.657837;1790;
579.668579;1790;
579.679321;1790;
579.690063;1790;
579.700806;1792;
579.711548;1790;
579.722290;1790;
579.733032;1790;
579.743774;1788;
579.754517;1790;
579.765259;1790;
579.776001;1789;
579.786743;1790;
579.797485;1790;
579.808228;1790;
579.818970;1790;
579.829712;1789;
579.840454;1790;
579.851196;1790;
579.861938;1788;
579.872681;1790;
579.883423;1790;
579.894165;1790;
579.904907;1789;
579.915649;1790;
579.926392;1790;
579.937134;1790;
579.947876;1790;
579.958618;1790;
579.969360;1790;
579.980103;1789;
579.990845;1789;
580.001587;1790;
580.012329;1790;
580.023010;1790;
580.033752;1790;
580.044495;1789;
580.055237;1790;
580.065979;1788;
580.076721;1790;
580.087463;1790;
580.098206;1789;
580.108948;1790;
580.119690;1790;
580.130432;1790;
580.141174;1790;
580.151917;1790;
580.162659;1790;
580.173401;1789;
580.184143;1790;
580.194885;1790;
580.205627;1789;
580.216370;1790;
580.227112;1790;
580.237854;1790;
580.248596;1790;
580.259338;1790;
580.270081;1790;
580.280823;1789;
580.291565;1789;
580.302307;1790;
580.313049;1790;
580.323792;1790;
580.334534;1788;
580.345276;1790;
580.356018;1790;
580.366760;1790;
580.377502;1790;
580.388245;1790;
580.398987;1790;
580.409729;1789;
580.420471;1790;
580.431213;1790;
580.441895;1790;
580.452637;1789;
580.463379;1790;
580.474121;1790;
580.484863;1789;
580.495605;1790;
580.506348;1790;
580.517090;1790;
580.527832;1790;
580.538574;1789;
580.549316;1791;
580.560059;1790;
580.570801;1790;
580.581543;1790;
580.592285;1790;
580.603027;1790;
580.613770;1790;
580.624512;1789;
580.635254;1789;
580.645996;1790;
580.656738;1790;
580.667480;1790;
580.678223;1790;
580.688965;1790;
580.699707;1790;
580.710449;1790;
580.721191;1790;
580.731934;1790;
580.742676;1790;
580.753418;1790;
580.764160;1790;
580.774902;1788;
580.785645;1790;
580.796387;1789;
580.807129;1790;
580.817871;1790;
580.828613;1789;
580.839355;1790;
580.850098;1790;
580.860779;1790;
580.871521;1790;
580.882263;1790;
580.893005;1790;
580.903748;1790;
580.914490;1790;
580.925232;1789;
580.935974;1790;
580.946716;1789;
580.957458;1789;
580.968201;1790;
580.978943;1790;
580.989685;1789;
581.000427;1790;
581.011169;1790;
581.021912;1790;
581.032654;1790;
581.043396;1790;
581.054138;1790;
581.064880;1790;
581.075623;1790;
581.086365;1789;
581.097107;1790;
581.107849;1790;
581.118591;1790;
581.129333;1790;
581.140076;1790;
581.150818;1790;
581.161560;1789;
581.172302;1790;
581.183044;1790;
581.193787;1790;
581.204529;1789;
581.215271;1790;
581.226013;1791;
581.236755;1790;
581.247498;1790;
581.258240;1790;
581.268921;1790;
581.279663;1790;
581.290405;1790;
581.301147;1790;
581.311890;1790;
581.322632;1790;
581.333374;1790;
581.344116;1790;
581.354858;1790;
581.365601;1790;
581.376343;1789;
581.387085;1791;
581.397827;1789;
581.408569;1790;
581.419312;1790;
581.430054;1790;
581.440796;1790;
581.451538;1790;
581.462280;1790;
581.473022;1789;
581.483765;1790;
581.494507;1790;
581.505249;1790;
581.515991;1790;
581.526733;1790;
581.537476;1790;
581.548218;1789;
581.558960;1790;
581.569702;1789;
581.580444;1790;
581.591187;1790;
581.601929;1790;
581.612671;1790;
581.623413;1790;
581.634155;1788;
581.644897;1788;
581.655640;1789;
581.666382;1790;
581.677124;1789;
581.687805;1790;
581.698547;1790;
581.709290;1790;
581.720032;1790;
581.730774;1790;
581.741516;1790;
581.752258;1790;
581.763000;1790;
581.773743;1790;
581.784485;1790;
581.795227;1790;
581.805969;1789;
581.816711;1790;
581.827454;1790;
581.838196;1790;
581.848938;1790;
581.859680;1790;
581.870422;1790;
581.881165;1790;
581.891907;1790;
581.902649;1790;
581.913391;1790;
581.924133;1790;
581.934875;1790;
581.945618;1794;
581.956360;1795;
581.967102;1794;
581.977844;1794;
581.988586;1794;
581.999329;1792;
582.010071;1795;
582.020813;1792;
582.031555;1790;
582.042297;1793;
582.053040;1794;
582.063782;1793;
582.074524;1795;
582.085266;1792;
582.095947;1791;
582.106689;1790;
582.117432;1790;
582.128174;1791;
582.138916;1790;
582.149658;1791;
582.160400;1792;
582.171143;1790;
582.181885;1791;
582.192627;1790;
582.203369;1790;
582.214111;1790;
582.224854;1790;
582.235596;1790;
582.246338;1791;
582.257080;1790;
582.267822;1790;
582.278564;1790;
582.289307;1790;
582.300049;1790;
582.310791;1790;
582.321533;1790;
582.332275;1790;
582.343018;1791;
582.353760;1790;
582.364502;1790;
582.375244;1790;
582.385986;1790;
582.396729;1791;
582.407471;1790;
582.418213;1790;
582.428955;1790;
582.439697;1790;
582.450439;1790;
582.461182;1790;
582.471924;1788;
582.482666;1789;
582.493408;1790;
582.504150;1790;
582.514832;1789;
582.525574;1790;
582.536316;1789;
582.547058;1790;
582.557800;1790;
582.568542;1790;
582.579285;1789;
582.590027;1790;
582.600769;1790;
582.611511;1790;
582.622253;1790;
582.632996;1790;
582.643738;1790;
582.654480;1790;
582.665222;1790;
582.675964;1790;
582.686707;1790;
582.697449;1790;
582.708191;1790;
582.718933;1790;
582.729675;1790;
582.740417;1790;
582.751160;1790;
582.761902;1790;
582.772644;1789;
582.783386;1790;
582.794128;1790;
582.804871;1790;
582.815613;1790;
582.826355;1790;
582.837097;1790;
582.847839;1790;
582.858582;1790;
582.869324;1790;
582.880066;1790;
582.890808;1789;
582.901550;1790;
582.912292;1790;
582.922974;1788;
582.933716;1790;
582.944458;1790;
582.955200;1789;
582.965942;1790;
582.976685;1790;
582.987427;1790;
582.998169;1790;
583.008911;1790;
583.019653;1790;
583.030396;1790;
583.041138;1790;
583.051880;1790;
583.062622;1790;
583.073364;1790;
583.084106;1790;
583.094849;1790;
583.105591;1790;
583.116333;1790;
583.127075;1789;
583.137817;1789;
583.148560;1790;
583.159302;1789;
583.170044;1790;
583.180786;1790;
583.191528;1790;
583.202271;1790;
583.213013;1789;
583.223755;1790;
583.234497;1790;
583.245239;1790;
583.255981;1790;
583.266724;1790;
583.277466;1790;
583.288208;1790;
583.298950;1790;
583.309692;1790;
583.320435;1790;
583.331177;1789;
583.341858;1790;
583.352600;1790;
583.363342;1790;
583.374084;1790;
583.384827;1789;
583.395569;1790;
583.406311;1790;
583.417053;1790;
583.427795;1790;
583.438538;1790;
583.449280;1790;
583.460022;1789;
583.470764;1790;
583.481506;1790;
583.492249;1790;
583.502991;1790;
583.513733;1790;
583.524475;1790;
583.535217;1790;
583.545959;1790;
583.556702;1790;
583.567444;1790;
583.578186;1790;
583.588928;1890;
583.599670;1790;
583.610413;1790;
583.621155;1790;
583.631897;1790;
583.642639;1790;
583.653381;1790;
583.664124;1790;
583.674866;1790;
583.685608;1790;
583.696350;1790;
583.707092;1790;
583.717834;1790;
583.728577;1790;
583.739319;1790;
583.750000;1790;
583.760742;1790;
583.771484;1790;
583.782227;1790;
583.792969;1790;
583.803711;1790;
583.814453;1790;
583.825195;1790;
583.835938;1790;
583.846680;1789;
583.857422;1790;
583.868164;1789;
583.878906;1790;
583.889648;1790;
583.900391;1791;
583.911133;1791;
583.921875;1790;
583.932617;1790;
583.943359;1790;
583.954102;1790;
583.964844;1789;
583.975586;1790;
583.986328;1790;
583.997070;1790;
584.007813;1790;
584.018555;1789;
584.029297;1790;
584.040039;1790;
584.050781;1790;
584.061523;1791;
584.072266;1791;
584.083008;1790;
584.093750;1790;
584.104492;1790;
584.115234;1790;
584.125977;1790;
584.136719;1790;
584.147461;1790;
584.158203;1790;
584.168884;1790;
584.179626;1790;
584.190369;1790;
584.201111;1790;
584.211853;1790;
584.222595;1790;
584.233337;1791;
584.244080;1790;
584.254822;1790;
584.265564;1790;
584.276306;1790;
584.287048;1790;
584.297791;1790;
584.308533;1790;
584.319275;1790;
584.330017;1790;
584.340759;1789;
584.351501;1790;
584.362244;1790;
584.372986;1790;
584.383728;1790;
584.394470;1790;
584.405212;1790;
584.415955;1790;
584.426697;1790;
584.437439;1790;
584.448181;1791;
584.458923;1790;
584.469666;1790;
584.480408;1790;
584.491150;1790;
584.501892;1790;
584.512634;1790;
584.523376;1790;
584.534119;1790;
584.544861;1790;
584.555603;1790;
584.566345;1790;
584.577087;1790;
584.587769;1790;
584.598511;1790;
584.609253;1790;
584.619995;1790;
584.630737;1790;
584.641479;1790;
584.652222;1790;
584.662964;1790;
584.673706;1790;
584.684448;1793;
584.695190;1790;
584.705933;1790;
584.716675;1791;
584.727417;1791;
584.738159;1791;
584.748901;1791;
584.759644;1790;
584.770386;1790;
584.781128;1790;
584.791870;1790;
584.802612;1791;
584.813354;1791;
584.824097;1790;
584.834839;1791;
584.845581;1791;
584.856323;1792;
584.867065;1793;
584.877808;1792;
584.888550;1792;
584.899292;1794;
584.910034;1795;
584.920776;1799;
584.931519;1798;
584.942261;1803;
584.953003;1832;
584.963745;1899;
584.974487;2028;
584.985229;2207;
584.995911;2405;
585.006653;2538;
585.017395;2973;
585.028137;3701;
585.038879;4582;
585.049622;5662;
585.060364;7426;
585.071106;10284;
585.081848;16006;
585.092590;27390;
585.103333;46865;
585.114075;70173;
585.124817;86779;
585.135559;92492;
585.146301;93170;
585.157043;93727;
585.167786;95498;
585.178528;98158;
585.189270;101087;
585.200012;102706;
585.210754;102662;
585.221497;100881;
585.232239;99855;
585.242981;99150;
585.253723;99381;
585.264465;98274;
585.275208;93145;
585.285950;84290;
585.296692;75029;
585.307434;67206;
585.318176;60441;
585.328918;55016;
585.339661;49996;
585.350403;45538;
585.361145;41312;
585.371887;37355;
585.382629;33619;
585.393372;30162;
585.404114;26874;
585.414795;23728;
585.425537;20758;
585.436279;18121;
585.447021;15866;
585.457764;13851;
585.468506;11912;
585.479248;10051;
585.489990;8498;
585.500732;7135;
585.511475;5996;
585.522217;4914;
585.532959;3933;
585.543701;3029;
585.554443;2400;
585.565186;2082;
585.575928;1948;
585.586670;1885;
585.597412;1850;
585.608154;1830;
585.618896;1802;
585.629639;1799;
585.640381;1792;
585.651123;1790;
585.661865;1793;
585.672607;1791;
585.683350;1791;
585.694092;1793;
585.704834;1790;
585.715576;1790;
585.726318;1791;
585.737061;1791;
585.747803;1790;
585.758545;1791;
585.769287;1790;
585.780029;1791;
585.790771;1790;
585.801514;1790;
585.812256;1790;
585.822937;1790;
585.833679;1790;
585.844421;1790;
585.855164;1790;
585.865906;1790;
585.876648;1790;
585.887390;1790;
585.898132;1790;
585.908875;1790;
585.919617;1790;
585.930359;1790;
585.941101;1790;
585.951843;1790;
585.962585;1790;
585.973328;1790;
585.984070;1790;
585.994812;1790;
586.005554;1790;
586.016296;1790;
586.027039;1790;
586.037781;1790;
586.048523;1790;
586.059265;1790;
586.070007;1789;
586.080750;1791;
586.091492;1790;
586.102234;1790;
586.112976;1790;
586.123718;1789;
586.134460;1790;
586.145203;1790;
586.155945;1791;
586.166687;1790;
586.177429;1790;
586.188171;1790;
586.198914;1790;
586.209656;1790;
586.220398;1790;
586.231140;1790;
586.241821;1790;
586.252563;1790;
586.263306;1790;
586.274048;1790;
586.284790;1790;
586.295532;1790;
586.306274;1790;
586.317017;1790;
586.327759;1790;
586.338501;1790;
586.349243;1790;
586.359985;1790;
586.370728;1790;
586.381470;1790;
586.392212;1790;
586.402954;1790;
586.413696;1790;
586.424438;1790;
586.435181;1790;
586.445923;1790;
586.456665;1790;
586.467407;1789;
586.478149;1789;
586.488892;1790;
586.499634;1790;
586.510376;1790;
586.521118;1790;
586.531860;1790;
586.542603;1790;
586.553345;1790;
586.564087;1790;
586.574829;1790;
586.585571;1856;
586.596313;1790;
586.607056;1790;
586.617798;1790;
586.628540;1790;
586.639282;1790;
586.650024;1790;
586.660706;1790;
586.671448;1790;
586.682190;1790;
586.692932;1790;
586.703674;1790;
586.714417;1790;
586.725159;1790;
586.735901;1790;
586.746643;1799;
586.757385;1790;
586.768127;1790;
586.778870;1790;
586.789612;1790;
586.800354;1790;
586.811096;1790;
586.821838;1790;
586.832581;1790;
586.843323;1791;
586.854065;1790;
586.864807;1789;
586.875549;1790;
586.886292;1790;
586.897034;1790;
586.907776;1790;
586.918518;1790;
586.929260;1790;
586.940002;1789;
586.950745;1790;
586.961487;1790;
586.972229;1790;
586.982971;1790;
586.993713;1790;
587.004456;1790;
587.015198;1790;
587.025940;1790;
587.036682;1790;
587.047424;1790;
587.058167;1790;
587.068848;1790;
587.079590;1790;
587.090332;1790;
587.101074;1790;
587.111816;1790;
587.122559;1790;
587.133301;1790;
587.144043;1790;
587.154785;1790;
587.165527;1791;
587.176270;1790;
587.187012;1791;
587.197754;1790;
587.208496;1791;
587.219238;1790;
587.229980;1791;
587.240723;1790;
587.251465;1791;
587.262207;1789;
587.272949;1790;
587.283691;1790;
587.294434;1790;
587.305176;1790;
587.315918;1790;
587.326660;1790;
587.337402;1789;
587.348145;1790;
587.358887;1790;
587.369629;1790;
587.380371;1790;
587.391113;1790;
587.401855;1791;
587.412598;1805;
587.423340;1790;
587.434082;1790;
587.444824;1790;
587.455566;1790;
587.466309;1790;
587.477051;1790;
587.487732;1790;
587.498474;1790;
587.509216;1790;
587.519958;1809;
587.530701;1790;
587.541443;1790;
587.552185;1790;
587.562927;1790;
587.573669;1790;
587.584412;1790;
587.595154;1790;
587.605896;1790;
587.616638;1790;
587.627380;1790;
587.638123;1790;
587.648865;1790;
587.659607;1790;
587.670349;1789;
587.681091;1790;
587.691833;1790;
587.702576;1790;
587.713318;1817;
587.724060;1790;
587.734802;1790;
587.745544;1790;
587.756287;1790;
587.767029;1789;
587.777771;1790;
587.788513;1790;
587.799255;1790;
587.809998;1790;
587.820740;1790;
587.831482;1790;
587.842224;1790;
587.852966;1790;
587.863708;1790;
587.874451;1790;
587.885193;1790;
587.895874;1790;
587.906616;1790;
587.917358;1790;
587.928101;1791;
587.938843;1796;
587.949585;1815;
587.960327;2042;
587.971069;2267;
587.981812;2884;
587.992554;4238;
588.003296;6231;
588.014038;8208;
588.024780;9437;
588.035522;9663;
588.046265;9474;
588.057007;9468;
588.067749;9677;
588.078491;9977;
588.089233;10275;
588.099976;10518;
588.110718;10510;
588.121460;10482;
588.132202;10331;
588.142944;10239;
588.153687;10165;
588.164429;10100;
588.175171;9887;
588.185913;9406;
588.196655;8566;
588.207397;7865;
588.218140;7116;
588.228882;6603;
588.239624;6117;
588.250366;5760;
588.261108;5349;
588.271851;5029;
588.282593;4719;
588.293335;4400;
588.304077;4092;
588.314758;3765;
588.325500;3480;
588.336243;3239;
588.346985;3043;
588.357727;2901;
588.368469;2727;
588.379211;2582;
588.389954;2452;
588.400696;2329;
588.411438;2205;
588.422180;2112;
588.432922;2017;
588.443665;1932;
588.454407;1845;
588.465149;1806;
588.475891;1790;
588.486633;1790;
588.497375;1790;
588.508118;1790;
588.518860;1790;
588.529602;1790;
588.540344;1790;
588.551086;1790;
588.561829;1790;
588.572571;1790;
588.583313;1790;
588.594055;1790;
588.604797;1790;
588.615540;1790;
588.626282;1790;
588.637024;1790;
588.647766;1790;
588.658508;1790;
588.669250;1790;
588.679993;1790;
588.690735;1790;
588.701477;1789;
588.712219;1790;
588.722900;1790;
588.733643;1790;
588.744385;1790;
588.755127;1790;
588.765869;1789;
588.776611;1790;
588.787354;1790;
588.798096;1790;
588.808838;1790;
588.819580;1791;
588.830322;1790;
588.841064;1790;
588.851807;1790;
588.862549;1790;
588.873291;1790;
588.884033;1790;
588.894775;1790;
588.905518;1790;
588.916260;1789;
588.927002;1790;
588.937744;1790;
588.948486;1789;
588.959229;1789;
588.969971;1789;
588.980713;1790;
588.991455;1789;
589.002197;1790;
589.012939;1790;
589.023682;1790;
589.034424;1790;
589.045166;1790;
589.055908;1790;
589.066650;1790;
589.077393;1790;
589.088135;1790;
589.098877;1790;
589.109619;1789;
589.120361;1791;
589.131104;1790;
589.141785;1790;
589.152527;1790;
589.163269;1790;
589.174011;1790;
589.184753;1790;
589.195496;1789;
589.206238;1790;
589.216980;1790;
589.227722;1790;
589.238464;1790;
589.249207;1790;
589.259949;1790;
589.270691;1790;
589.281433;1790;
589.292175;1790;
589.302917;1790;
589.313660;1790;
589.324402;1790;
589.335144;1790;
589.345886;1789;
589.356628;1789;
589.367371;1790;
589.378113;1790;
589.388855;1791;
589.399597;1790;
589.410339;1790;
589.421082;1790;
589.431824;1790;
589.442566;1790;
589.453308;1790;
589.464050;1790;
589.474792;1789;
589.485535;1790;
589.496277;1789;
589.507019;1790;
589.517761;1790;
589.528503;1790;
589.539246;1789;
589.549927;1790;
589.560669;1790;
589.571411;1790;
589.582153;1790;
589.592896;1790;
589.603638;1790;
589.614380;1789;
589.625122;1790;
589.635864;1791;
589.646606;1790;
589.657349;1790;
589.668091;1790;
589.678833;1789;
589.689575;1790;
589.700317;1790;
589.711060;1790;
589.721802;1790;
589.732544;1790;
589.743286;1790;
589.754028;1790;
589.764771;1790;
589.775513;1790;
589.786255;1790;
589.796997;1790;
589.807739;1789;
589.818481;1790;
589.829224;1790;
589.839966;1789;
589.850708;1790;
589.861450;1790;
589.872192;1790;
589.882935;1791;
589.893677;1790;
589.904419;1789;
589.915161;1790;
589.925903;1790;
589.936646;1790;
589.947388;1790;
589.958130;1790;
589.968811;1790;
589.979553;1790;
589.990295;1790;
590.001038;1791;
590.011780;1790;
590.022522;1790;
590.033264;1790;
590.044006;1790;
590.054749;1787;
590.065491;1790;
590.076233;1790;
590.086975;1791;
590.097717;1790;
590.108459;1790;
590.119202;1790;
590.129944;1790;
590.140686;1790;
590.151428;1790;
590.162170;1791;
590.172913;1790;
590.183655;1792;
590.194397;1791;
590.205139;1790;
590.215881;1790;
590.226624;1790;
590.237366;1790;
590.248108;1790;
590.258850;1790;
590.269592;1790;
590.280334;1791;
590.291077;1790;
590.301819;1790;
590.312561;1790;
590.323303;1790;
590.334045;1789;
590.344788;1790;
590.355530;1790;
590.366272;1790;
590.377014;1790;
590.387695;1789;
590.398438;1792;
590.409180;1790;
590.419922;1790;
590.430664;1790;
590.441406;1790;
590.452148;1790;
590.462891;1790;
590.473633;1790;
590.484375;1790;
590.495117;1789;
590.505859;1790;
590.516602;1946;
590.527344;1790;
590.538086;1790;
590.548828;1790;
590.559570;1790;
590.570313;1790;
590.581055;1790;
590.591797;1790;
590.602539;1790;
590.613281;1790;
590.624023;1790;
590.634766;1790;
590.645508;1790;
590.656250;1790;
590.666992;1790;
590.677734;1790;
590.688477;1790;
590.699219;1790;
590.709961;1790;
590.720703;1790;
590.731445;1790;
590.742188;1790;
590.752930;1790;
590.763672;1789;
590.774414;1788;
590.785156;1790;
590.795837;1790;
590.806580;1790;
590.817322;1790;
590.828064;1790;
590.838806;1790;
590.849548;1789;
590.860291;1789;
590.871033;1790;
590.881775;1788;
590.892517;1790;
590.903259;1790;
590.914001;1790;
590.924744;1790;
590.935486;1788;
590.946228;1790;
590.956970;1789;
590.967712;1790;
590.978455;1790;
590.989197;1790;
590.999939;1789;
591.010681;1789;
591.021423;1790;
591.032166;1790;
591.042908;1790;
591.053650;1790;
591.064392;1790;
591.075134;1790;
591.085876;1790;
591.096619;1790;
591.107361;1791;
591.118103;1790;
591.128845;1790;
591.139587;1790;
591.150330;1790;
591.161072;1790;
591.171814;1790;
591.182556;1790;
591.193298;1790;
591.204041;1790;
591.214722;1790;
591.225464;1790;
591.236206;1790;
591.246948;1790;
591.257690;1789;
591.268433;1790;
591.279175;1807;
591.289917;1790;
591.300659;1789;
591.311401;1790;
591.322144;1790;
591.332886;1790;
591.343628;1790;
591.354370;1790;
591.365112;1790;
591.375854;1790;
591.386597;1790;
591.397339;1790;
591.408081;1790;
591.418823;1790;
591.429565;1790;
591.440308;1790;
591.451050;1790;
591.461792;1789;
591.472534;1790;
591.483276;1788;
591.494019;1790;
591.504761;1790;
591.515503;1790;
591.526245;1790;
591.536987;1790;
591.547729;1790;
591.558472;1790;
591.569214;1790;
591.579956;1790;
591.590698;1790;
591.601440;1790;
591.612183;1790;
591.622864;1790;
591.633606;1789;
591.644348;1790;
591.655090;1790;
591.665833;1790;
591.676575;1790;
591.687317;1790;
591.698059;1790;
591.708801;1790;
591.719543;1790;
591.730286;1790;
591.741028;1795;
591.751770;1789;
591.762512;1790;
591.773254;1790;
591.783997;1790;
591.794739;1804;
591.805481;1790;
591.816223;1790;
591.826965;1790;
591.837708;1790;
591.848450;1790;
591.859192;1789;
591.869934;1790;
591.880676;1790;
591.891418;1790;
591.902161;1789;
591.912903;1790;
591.923645;1790;
591.934387;1790;
591.945129;1788;
591.955872;1790;
591.966614;1790;
591.977356;1796;
591.988098;1789;
591.998840;1790;
592.009583;1790;
592.020325;1790;
592.031067;1790;
592.041748;1789;
592.052490;1790;
592.063232;1790;
592.073975;1790;
592.084717;1790;
592.095459;1790;
592.106201;1788;
592.116943;1789;
592.127686;1790;
592.138428;1790;
592.149170;1790;
592.159912;1788;
592.170654;1789;
592.181396;1789;
592.192139;1790;
592.202881;1790;
592.213623;1790;
592.224365;1790;
592.235107;1790;
592.245850;1790;
592.256592;1790;
592.267334;1789;
592.278076;1789;
592.288818;1790;
592.299561;1790;
592.310303;1790;
592.321045;1789;
592.331787;1789;
592.342529;1789;
592.353271;1789;
592.364014;1790;
592.374756;1790;
592.385498;1790;
592.396240;1790;
592.406982;1790;
592.417725;1790;
592.428467;1790;
592.439209;1790;
592.449951;1788;
592.460632;1790;
592.471375;1790;
592.482117;1790;
592.492859;1790;
592.503601;1790;
592.514343;1790;
592.525085;1790;
592.535828;1790;
592.546570;1790;
592.557312;1790;
592.568054;1790;
592.578796;1790;
592.589539;1790;
592.600281;1790;
592.611023;1790;
592.621765;1790;
592.632507;1790;
592.643250;1790;
592.653992;1790;
592.664734;1790;
592.675476;1790;
592.686218;1790;
592.696960;1790;
592.707703;1789;
592.718445;1790;
592.729187;1790;
592.739929;1790;
592.750671;1790;
592.761414;1789;
592.772156;1790;
592.782898;1790;
592.793640;1790;
592.804382;1790;
592.815125;1790;
592.825867;1790;
592.836609;1790;
592.847351;1790;
592.858093;1794;
592.868774;1790;
592.879517;1790;
592.890259;1790;
592.901001;1790;
592.911743;1790;
592.922485;1790;
592.933228;1789;
592.943970;1790;
592.954712;1790;
592.965454;1789;
592.976196;1790;
592.986938;1790;
592.997681;1790;
593.008423;1789;
593.019165;1789;
593.029907;1790;
593.040649;1790;
593.051392;1790;
593.062134;1790;
593.072876;1790;
593.083618;1790;
593.094360;1790;
593.105103;1790;
593.115845;1790;
593.126587;1789;
593.137329;1790;
593.148071;1790;
593.158813;1789;
593.169556;1789;
593.180298;1790;
593.191040;1789;
593.201782;1790;
593.212524;1790;
593.223267;1790;
593.234009;1790;
593.244751;1790;
593.255493;1790;
593.266235;1790;
593.276978;1790;
593.287659;1790;
593.298401;1790;
593.309143;1790;
593.319885;1790;
593.330627;1790;
593.341370;1790;
593.352112;1790;
593.362854;1790;
593.373596;1789;
593.384338;1790;
593.395081;1790;
593.405823;1790;
593.416565;1790;
593.427307;1791;
593.438049;1790;
593.448792;1790;
593.459534;1790;
593.470276;1791;
593.481018;1790;
593.491760;1790;
593.502502;1789;
593.513245;1790;
593.523987;1790;
593.534729;1790;
593.545471;1790;
593.556213;1790;
593.566956;1790;
593.577698;1790;
593.588440;1790;
593.599182;1791;
593.609924;1790;
593.620667;1790;
593.631409;1790;
593.642151;1790;
593.652893;1790;
593.663635;1790;
593.674377;1790;
593.685120;1790;
593.695801;1790;
593.706543;1790;
593.717285;1790;
593.728027;1789;
593.738770;1790;
593.749512;1790;
593.760254;1790;
593.770996;1790;
593.781738;1790;
593.792480;1789;
593.803223;1790;
593.813965;1790;
593.824707;1790;
593.835449;1790;
593.846191;1790;
593.856934;1790;
593.867676;1790;
593.878418;1790;
593.889160;1790;
593.899902;1790;
593.910645;1790;
593.921387;1790;
593.932129;1790;
593.942871;1790;
593.953613;1790;
593.964355;1790;
593.975098;1790;
593.985840;1790;
593.996582;1790;
594.007324;1790;
594.018066;1789;
594.028809;1790;
594.039551;1790;
594.050293;1790;
594.061035;1790;
594.071777;1791;
594.082520;1790;
594.093262;1790;
594.104004;1790;
594.114685;1790;
594.125427;1790;
594.136169;1790;
594.146912;1790;
594.157654;1790;
594.168396;1790;
594.179138;1789;
594.189880;1794;
594.200623;1847;
594.211365;2095;
594.222107;2270;
594.232849;2569;
594.243591;3404;
594.254333;4802;
594.265076;7261;
594.275818;10299;
594.286560;13291;
594.297302;14911;
594.308044;15294;
594.318787;15248;
594.329529;15658;
594.340271;16309;
594.351013;17011;
594.361755;17496;
594.372498;17738;
594.383240;17451;
594.393982;17026;
594.404724;16862;
594.415466;16911;
594.426208;17303;
594.436951;16967;
594.447693;15816;
594.458435;14189;
594.469177;12738;
594.479919;11483;
594.490662;10512;
594.501404;9701;
594.512146;8956;
594.522827;8349;
594.533569;7820;
594.544312;7262;
594.555054;6707;
594.565796;6185;
594.576538;5676;
594.587280;5245;
594.598022;4850;
594.608765;4454;
594.619507;4107;
594.630249;3786;
594.640991;3485;
594.651733;3216;
594.662476;2915;
594.673218;2662;
594.683960;2482;
594.694702;2283;
594.705444;2102;
594.716187;1944;
594.726929;1829;
594.737671;1795;
594.748413;1790;
594.759155;1791;
594.769897;1790;
594.780640;1790;
594.791382;1790;
594.802124;1791;
594.812866;1790;
594.823608;1790;
594.834351;1790;
594.845093;1790;
594.855835;1790;
594.866577;1790;
594.877319;1790;
594.888062;1790;
594.898804;1790;
594.909546;1790;
594.920288;1790;
594.931030;1789;
594.941711;1790;
594.952454;1790;
594.963196;1790;
594.973938;1790;
594.984680;1790;
594.995422;1789;
595.006165;1790;
595.016907;1790;
595.027649;1790;
595.038391;1790;
595.049133;1790;
595.059875;1790;
595.070618;1790;
595.081360;1790;
595.092102;1789;
595.102844;1790;
595.113586;1790;
595.124329;1791;
595.135071;1790;
595.145813;1790;
595.156555;1790;
595.167297;1790;
595.178040;1790;
595.188782;1790;
595.199524;1790;
595.210266;1790;
595.221008;1790;
595.231750;1790;
595.242493;1790;
595.253235;1790;
595.263977;1790;
595.274719;1789;
595.285461;1789;
595.296204;1790;
595.306946;1790;
595.317688;1790;
595.328430;1790;
595.339172;1789;
595.349854;1790;
595.360596;1790;
595.371338;1790;
595.382080;1789;
595.392822;1790;
595.403564;1790;
595.414307;1790;
595.425049;1790;
595.435791;1789;
595.446533;1789;
595.457275;1790;
595.468018;1790;
595.478760;1790;
595.489502;1788;
595.500244;1790;
595.510986;1790;
595.521729;1788;
595.532471;1789;
595.543213;1790;
595.553955;1790;
595.564697;1790;
595.575439;1790;
595.586182;1790;
595.596924;1789;
595.607666;1790;
595.618408;1790;
595.629150;1790;
595.639893;1790;
595.650635;1790;
595.661377;1790;
595.672119;1790;
595.682861;1790;
595.693604;1790;
595.704346;1789;
595.715088;1790;
595.725830;1790;
595.736572;1790;
595.747314;1790;
595.758057;1790;
595.768738;1789;
595.779480;1789;
595.790222;1790;
595.800964;1790;
595.811707;1790;
595.822449;1789;
595.833191;1790;
595.843933;1790;
595.854675;1790;
595.865417;1800;
595.876160;1790;
595.886902;1790;
595.897644;1790;
595.908386;1790;
595.919128;1790;
595.929871;1790;
595.940613;1790;
595.951355;1790;
595.962097;1790;
595.972839;1790;
595.983582;1788;
595.994324;1789;
596.005066;1790;
596.015808;1789;
596.026550;1790;
596.037292;1790;
596.048035;1791;
596.058777;1790;
596.069519;1790;
596.080261;1790;
596.091003;1790;
596.101746;1790;
596.112488;1790;
596.123230;1790;
596.133972;1790;
596.144714;1790;
596.155457;1789;
596.166199;1799;
596.176941;1790;
596.187622;1790;
596.198364;1850;
596.209106;1790;
596.219849;1790;
596.230591;1790;
596.241333;1789;
596.252075;1790;
596.262817;1793;
596.273560;1790;
596.284302;1790;
596.295044;1790;
596.305786;1790;
596.316528;1790;
596.327271;1790;
596.338013;1790;
596.348755;1790;
596.359497;1790;
596.370239;1789;
596.380981;1791;
596.391724;1790;
596.402466;1790;
596.413208;1790;
596.423950;1790;
596.434692;1790;
596.445435;1790;
596.456177;1790;
596.466919;1790;
596.477661;1790;
596.488403;1790;
596.499146;1790;
596.509888;1790;
596.520630;1790;
596.531372;1790;
596.542114;1790;
596.552856;1790;
596.563599;1790;
596.574341;1790;
596.585083;1790;
596.595764;1790;
596.606506;1790;
596.617249;1790;
596.627991;1790;
596.638733;1790;
596.649475;1790;
596.660217;1790;
596.670959;1790;
596.681702;1790;
596.692444;1790;
596.703186;1790;
596.713928;1790;
596.724670;1790;
596.735413;1790;
596.746155;1790;
596.756897;1790;
596.767639;1790;
596.778381;1790;
596.789124;1790;
596.799866;1790;
596.810608;1790;
596.821350;1790;
596.832092;1790;
596.842834;1790;
596.853577;1790;
596.864319;1790;
596.875061;1790;
596.885803;1789;
596.896545;1790;
596.907288;1790;
596.918030;1790;
596.928772;1790;
596.939514;1790;
596.950256;1790;
596.960999;1856;
596.971741;1790;
596.982483;1789;
596.993225;1790;
597.003967;1790;
597.014648;1790;
597.025391;1790;
597.036133;1790;
597.046875;1790;
597.057617;1790;
597.068359;1790;
597.079102;1790;
597.089844;1790;
597.100586;1790;
597.111328;1790;
597.122070;1790;
597.132813;1790;
597.143555;1789;
597.154297;1790;
597.165039;1790;
597.175781;1790;
597.186523;1790;
597.197266;1790;
597.208008;1790;
597.218750;1790;
597.229492;1790;
597.240234;1790;
597.250977;1789;
597.261719;1790;
597.272461;1790;
597.283203;1790;
597.293945;1793;
597.304688;1796;
597.315430;1798;
597.326172;1892;
597.336914;2179;
597.347656;2476;
597.358398;3030;
597.369141;3913;
597.379883;4717;
597.390625;5161;
597.401367;5384;
597.412109;5490;
597.422791;5711;
597.433533;6034;
597.444275;6004;
597.455017;5724;
597.465759;5642;
597.476501;5548;
597.487244;5641;
597.497986;5660;
597.508728;5502;
597.519470;5189;
597.530212;4671;
597.540955;4292;
597.551697;3980;
597.562439;3732;
597.573181;3544;
597.583923;3402;
597.594666;3236;
597.605408;3106;
597.616150;2999;
597.626892;2895;
597.637634;2814;
597.648376;2739;
597.659119;2689;
597.669861;2616;
597.680603;2557;
597.691345;2471;
597.702087;2378;
597.712830;2243;
597.723572;2132;
597.734314;2053;
597.745056;1997;
597.755798;1944;
597.766541;1902;
597.777283;1849;
597.788025;1818;
597.798767;1792;
597.809509;1790;
597.820251;1790;
597.830994;1790;
597.841675;1790;
597.852417;1790;
597.863159;1790;
597.873901;1790;
597.884644;1790;
597.895386;1790;
597.906128;1790;
597.916870;1790;
597.927612;1790;
597.938354;1790;
597.949097;1790;
597.959839;1790;
597.970581;1790;
597.981323;1788;
597.992065;1790;
598.002808;1790;
598.013550;1790;
598.024292;1795;
598.035034;1790;
598.045776;1790;
598.056519;1790;
598.067261;1790;
598.078003;1790;
598.088745;1790;
598.099487;1790;
598.110229;1790;
598.120972;1790;
598.131714;1790;
598.142456;1789;
598.153198;1790;
598.163940;1790;
598.174683;1790;
598.185425;1790;
598.196167;1790;
598.206909;1790;
598.217651;1790;
598.228394;1790;
598.239136;1790;
598.249878;1790;
598.260559;1790;
598.271301;1790;
598.282043;1791;
598.292786;1790;
598.303528;1790;
598.314270;1790;
598.325012;1790;
598.335754;1789;
598.346497;1790;
598.357239;1790;
598.367981;1790;
598.378723;1790;
598.389465;1790;
598.400208;1790;
598.410950;1790;
598.421692;1789;
598.432434;1789;
598.443176;1790;
598.453918;1789;
598.464661;1790;
598.475403;1790;
598.486145;1790;
598.496887;1790;
598.507629;1790;
598.518372;1790;
598.529114;1790;
598.539856;1790;
598.550598;1790;
598.561340;1790;
598.572083;1790;
598.582825;1790;
598.593567;1790;
598.604309;1790;
598.615051;1790;
598.625793;1790;
598.636536;1790;
598.647278;1790;
598.658020;1790;
598.668701;1790;
598.679443;1791;
598.690186;1790;
598.700928;1790;
598.711670;1790;
598.722412;1790;
598.733154;1790;
598.743896;1790;
598.754639;1790;
598.765381;1790;
598.776123;1790;
598.786865;1790;
598.797607;1790;
598.808350;1790;
598.819092;1790;
598.829834;1790;
598.840576;1790;
598.851318;1790;
598.862061;1790;
598.872803;1790;
598.883545;1790;
598.894287;1790;
598.905029;1790;
598.915771;1789;
598.926514;1788;
598.937256;1790;
598.947998;1790;
598.958740;1790;
598.969482;1790;
598.980225;1790;
598.990967;1790;
599.001709;1790;
599.012451;1790;
599.023193;1790;
599.033936;1790;
599.044678;1790;
599.055420;1790;
599.066162;1790;
599.076904;1791;
599.087585;1790;
599.098328;1790;
599.109070;1789;
599.119812;1791;
599.130554;1790;
599.141296;1790;
599.152039;1790;
599.162781;1789;
599.173523;1790;
599.184265;1790;
599.195007;1790;
599.205750;1790;
599.216492;1790;
599.227234;1790;
599.237976;1791;
599.248718;1790;
599.259460;1790;
599.270203;1790;
599.280945;1789;
599.291687;1790;
599.302429;1790;
599.313171;1789;
599.323914;1795;
599.334656;1790;
599.345398;1790;
599.356140;1790;
599.366882;1790;
599.377625;1790;
599.388367;1790;
599.399109;1790;
599.409851;1794;
599.420593;1790;
599.431335;1790;
599.442078;1790;
599.452820;1790;
599.463562;1790;
599.474304;1790;
599.485046;1790;
599.495728;1790;
599.506470;1790;
599.517212;1790;
599.527954;1789;
599.538696;1788;
599.549438;1790;
599.560181;1790;
599.570923;1790;
599.581665;1790;
599.592407;1789;
599.603149;1790;
599.613892;1789;
599.624634;1790;
599.635376;1790;
599.646118;1790;
599.656860;1789;
599.667603;1790;
599.678345;1790;
599.689087;1791;
599.699829;1790;
599.710571;1790;
599.721313;1790;
599.732056;1790;
599.742798;1790;
599.753540;1790;
599.764282;1790;
599.775024;1790;
599.785767;1790;
599.796509;1790;
599.807251;1790;
599.817993;1790;
599.828735;1790;
599.839478;1790;
599.850220;1790;
599.860962;1790;
599.871704;1795;
599.882446;1790;
599.893188;1790;
599.903931;1790;
599.914612;1790;
599.925354;1790;
599.936096;1790;
599.946838;1790;
599.957581;1790;
599.968323;1790;
599.979065;1790;
599.989807;1814;
600.000549;1790;
600.011292;1790;
600.022034;1790;
600.032776;1790;
600.043518;1790;
600.054260;1790;
600.065002;1790;
600.075745;1790;
600.086487;1790;
600.097229;1789;
600.107971;1789;
600.118713;1790;
600.129456;1789;
600.140198;1791;
600.150940;1790;
600.161682;1790;
600.172424;1790;
600.183167;1790;
600.193909;1790;
600.204651;1790;
600.215393;1790;
600.226135;1790;
600.236877;1789;
600.247620;1790;
600.258362;1790;
600.269104;1790;
600.279846;1790;
600.290588;1790;
600.301331;1788;
600.312073;1789;
600.322754;1790;
600.333496;1790;
600.344238;1790;
600.354980;1789;
600.365723;1789;
600.376465;1790;
600.387207;1790;
600.397949;1790;
600.408691;1790;
600.419434;1789;
600.430176;1790;
600.440918;1790;
600.451660;1790;
600.462402;1790;
600.473145;1790;
600.483887;1790;
600.494629;1790;
600.505371;1790;
600.516113;1791;
600.526855;1790;
600.537598;1790;
600.548340;1790;
600.559082;1790;
600.569824;1790;
600.580566;1790;
600.591309;1789;
600.602051;1789;
600.612793;1790;
600.623535;1790;
600.634277;1790;
600.645020;1789;
600.655762;1790;
600.666504;1790;
600.677246;1790;
600.687988;1790;
600.698730;1790;
600.709473;1790;
600.720215;1790;
600.730957;1790;
600.741638;1789;
600.752380;1790;
600.763123;1790;
600.773865;1790;
600.784607;1790;
600.795349;1790;
600.806091;1790;
600.816833;1790;
600.827576;1790;
600.838318;1790;
600.849060;1790;
600.859802;1789;
600.870544;1790;
600.881287;1790;
600.892029;1790;
600.902771;1790;
600.913513;1790;
600.924255;1790;
600.934998;1789;
600.945740;1790;
600.956482;1790;
600.967224;1790;
600.977966;1790;
600.988708;1790;
600.999451;1790;
601.010193;1790;
601.020935;1790;
601.031677;1790;
601.042419;1790;
601.053162;1789;
601.063904;1790;
601.074646;1790;
601.085388;1790;
601.096130;1789;
601.106873;1790;
601.117615;1790;
601.128357;1789;
601.139099;1790;
601.149780;1790;
601.160522;1790;
601.171265;1790;
601.182007;1790;
601.192749;1790;
601.203491;1790;
601.214233;1790;
601.224976;1790;
601.235718;1790;
601.246460;1790;
601.257202;1790;
601.267944;1790;
601.278687;1790;
601.289429;1790;
601.300171;1790;
601.310913;1790;
601.321655;1790;
601.332397;1790;
601.343140;1790;
601.353882;1790;
601.364624;1790;
601.375366;1790;
601.386108;1790;
601.396851;1790;
601.407593;1790;
601.418335;1790;
601.429077;1790;
601.439819;1790;
601.450562;1790;
601.461304;1790;
601.472046;1790;
601.482788;1790;
601.493530;1805;
601.504272;1790;
601.515015;1790;
601.525757;1790;
601.536499;1790;
601.547241;1790;
601.557983;1790;
601.568665;1790;
601.579407;1790;
601.590149;1790;
601.600891;1790;
601.611633;1790;
601.622375;1790;
601.633118;1790;
601.643860;1790;
601.654602;1790;
601.665344;1790;
601.676086;1788;
601.686829;1790;
601.697571;1790;
601.708313;1790;
601.719055;1790;
601.729797;1790;
601.740540;1813;
601.751282;1790;
601.762024;1790;
601.772766;1789;
601.783508;1790;
601.794250;1790;
601.804993;1790;
601.815735;1790;
601.826477;1790;
601.837219;1790;
601.847961;1788;
601.858704;1789;
601.869446;1790;
601.880188;1790;
601.890930;1789;
601.901672;1790;
601.912415;1790;
601.923157;1790;
601.933899;1790;
601.944641;1789;
601.955383;1790;
601.966125;1790;
601.976868;1790;
601.987549;1791;
601.998291;1790;
602.009033;1790;
602.019775;1790;
602.030518;1790;
602.041260;1789;
602.052002;1790;
602.062744;1790;
602.073486;1790;
602.084229;1790;
602.094971;1790;
602.105713;1789;
602.116455;1790;
602.127197;1790;
602.137939;1790;
602.148682;1790;
602.159424;1790;
602.170166;1790;
602.180908;1790;
602.191650;1790;
602.202393;1790;
602.213135;1790;
602.223877;1790;
602.234619;1790;
602.245361;1790;
602.256104;1790;
602.266846;1789;
602.277588;1791;
602.288330;1790;
602.299072;1790;
602.309814;1790;
602.320557;1790;
602.331299;1794;
602.342041;1790;
602.352783;1790;
602.363525;1790;
602.374268;1790;
602.385010;1789;
602.395691;1790;
602.406433;1790;
602.417175;1790;
602.427917;1790;
602.438660;1790;
602.449402;1790;
602.460144;1789;
602.470886;1790;
602.481628;1789;
602.492371;1790;
602.503113;1790;
602.513855;1790;
602.524597;1790;
602.535339;1790;
602.546082;1790;
602.556824;1790;
602.567566;1790;
602.578308;1790;
602.589050;1789;
602.599792;1790;
602.610535;1790;
602.621277;1790;
602.632019;1790;
602.642761;1790;
602.653503;1790;
602.664246;1790;
602.674988;1790;
602.685730;1790;
602.696472;1789;
602.707214;1790;
602.717957;1790;
602.728699;1790;
602.739441;1790;
602.750183;1790;
602.760925;1790;
602.771667;1790;
602.782410;1790;
602.793152;1790;
602.803894;1790;
602.814575;1790;
602.825317;1790;
602.836060;1790;
602.846802;1793;
602.857544;1796;
602.868286;1981;
602.879028;2220;
602.889771;2678;
602.900513;3664;
602.911255;4841;
602.921997;6346;
602.932739;7656;
602.943481;8415;
602.954224;8639;
602.964966;8860;
602.975708;8725;
602.986450;8137;
602.997192;7390;
603.007935;6640;
603.018677;6202;
603.029419;5851;
603.040161;5548;
603.050903;5270;
603.061646;4940;
603.072388;4505;
603.083130;4145;
603.093872;3758;
603.104614;3491;
603.115356;3323;
603.126099;3228;
603.136841;3193;
603.147583;3152;
603.158325;3104;
603.169067;3065;
603.179810;2998;
603.190552;2879;
603.201294;2773;
603.212036;2666;
603.222717;2568;
603.233459;2451;
603.244202;2328;
603.254944;2169;
603.265686;1974;
603.276428;1830;
603.287170;1790;
603.297913;1790;
603.308655;1790;
603.319397;1841;
603.330139;1791;
603.340881;1790;
603.351624;1790;
603.362366;1790;
603.373108;1790;
603.383850;1790;
603.394592;1790;
603.405334;1790;
603.416077;1790;
603.426819;1790;
603.437561;1790;
603.448303;1789;
603.459045;1790;
603.469788;1789;
603.480530;1789;
603.491272;1790;
603.502014;1790;
603.512756;1790;
603.523499;1790;
603.534241;1790;
603.544983;1790;
603.555725;1790;
603.566467;1790;
603.577209;1790;
603.587952;1790;
603.598694;1789;
603.609436;1790;
603.620178;1790;
603.630920;1790;
603.641602;1790;
603.652344;1790;
603.663086;1790;
603.673828;1790;
603.684570;1790;
603.695313;1790;
603.706055;1790;
603.716797;1790;
603.727539;1790;
603.738281;1790;
603.749023;1790;
603.759766;1790;
603.770508;1790;
603.781250;1789;
603.791992;1790;
603.802734;1790;
603.813477;1790;
603.824219;1790;
603.834961;1790;
603.845703;1790;
603.856445;1790;
603.867188;1790;
603.877930;1790;
603.888672;1790;
603.899414;1790;
603.910156;1790;
603.920898;1790;
603.931641;1789;
603.942383;1789;
603.953125;1790;
603.963867;1790;
603.974609;1790;
603.985352;1790;
603.996094;1789;
604.006836;1790;
604.017578;1789;
604.028320;1789;
604.039063;1790;
604.049805;1789;
604.060486;1789;
604.071228;1790;
604.081970;1790;
604.092712;1790;
604.103455;1790;
604.114197;1790;
604.124939;1788;
604.135681;1790;
604.146423;1790;
604.157166;1790;
604.167908;1790;
604.178650;1790;
604.189392;1790;
604.200134;1789;
604.210876;1790;
604.221619;1790;
604.232361;1790;
604.243103;1790;
604.253845;1790;
604.264587;1790;
604.275330;1789;
604.286072;1790;
604.296814;1790;
604.307556;1790;
604.318298;1790;
604.329041;1790;
604.339783;1790;
604.350525;1790;
604.361267;1790;
604.372009;1790;
604.382751;1790;
604.393494;1790;
604.404236;1790;
604.414978;1790;
604.425720;1790;
604.436462;1790;
604.447205;1790;
604.457947;1790;
604.468628;1790;
604.479370;1788;
604.490112;1789;
604.500854;1790;
604.511597;1790;
604.522339;1789;
604.533081;1789;
604.543823;1790;
604.554565;1790;
604.565308;1790;
604.576050;1790;
604.586792;1790;
604.597534;1790;
604.608276;1790;
604.619019;1790;
604.629761;1790;
604.640503;1790;
604.651245;1790;
604.661987;1790;
604.672729;1790;
604.683472;1790;
604.694214;1790;
604.704956;1790;
604.715698;1790;
604.726440;1790;
604.737183;1789;
604.747925;1790;
604.758667;1790;
604.769409;1790;
604.780151;1790;
604.790894;1790;
604.801636;1790;
604.812378;1790;
604.823120;1790;
604.833862;1790;
604.844604;1790;
604.855347;1790;
604.866089;1790;
604.876831;1790;
604.887512;1790;
604.898254;1790;
604.908997;1790;
604.919739;1790;
604.930481;1790;
604.941223;1790;
604.951965;1790;
604.962708;1789;
604.973450;1790;
604.984192;1790;
604.994934;1790;
605.005676;1790;
605.016418;1790;
605.027161;1790;
605.037903;1790;
605.048645;1790;
605.059387;1790;
605.070129;1790;
605.080872;1790;
605.091614;1790;
605.102356;1790;
605.113098;1790;
605.123840;1790;
605.134583;1790;
605.145325;1790;
605.156067;1790;
605.166809;1790;
605.177551;1790;
605.188293;1789;
605.199036;1790;
605.209778;1790;
605.220520;1789;
605.231262;1790;
605.242004;1790;
605.252747;1790;
605.263489;1789;
605.274231;1790;
605.284973;1790;
605.295654;1790;
605.306396;1790;
605.317139;1789;
605.327881;1789;
605.338623;1790;
605.349365;1790;
605.360107;1790;
605.370850;1790;
605.381592;1789;
605.392334;1790;
605.403076;1790;
605.413818;1790;
605.424561;1790;
605.435303;1790;
605.446045;1790;
605.456787;1790;
605.467529;1790;
605.478271;1790;
605.489014;1789;
605.499756;1790;
605.510498;1790;
605.521240;1790;
605.531982;1790;
605.542725;1790;
605.553467;1790;
605.564209;1790;
605.574951;1790;
605.585693;1790;
605.596436;1790;
605.607178;1790;
605.617920;1790;
605.628662;1790;
605.639404;1789;
605.650146;1790;
605.660889;1790;
605.671631;1790;
605.682373;1790;
605.693115;1790;
605.703857;1790;
605.714539;1790;
605.725281;1790;
605.736023;1790;
605.746765;1790;
605.757507;1790;
605.768250;1790;
605.778992;1790;
605.789734;1790;
605.800476;1790;
605.811218;1790;
605.821960;1790;
605.832703;1790;
605.843445;1790;
605.854187;1789;
605.864929;1790;
605.875671;1790;
605.886414;1790;
605.897156;1790;
605.907898;1789;
605.918640;1790;
605.929382;1790;
605.940125;1790;
605.950867;1790;
605.961609;1789;
605.972351;1790;
605.983093;1790;
605.993835;1790;
606.004578;1789;
606.015320;1790;
606.026062;1790;
606.036804;1790;
606.047546;1790;
606.058289;1790;
606.069031;1790;
606.079773;1790;
606.090515;1790;
606.101257;1790;
606.112000;1790;
606.122681;1789;
606.133423;1790;
606.144165;1790;
606.154907;1790;
606.165649;1790;
606.176392;1790;
606.187134;1790;
606.197876;1790;
606.208618;1790;
606.219360;1790;
606.230103;1790;
606.240845;1790;
606.251587;1790;
606.262329;1790;
606.273071;1790;
606.283813;1790;
606.294556;1790;
606.305298;1790;
606.316040;1791;
606.326782;1790;
606.337524;1790;
606.348267;1790;
606.359009;1789;
606.369751;1790;
606.380493;1790;
606.391235;1790;
606.401978;1790;
606.412720;1790;
606.423462;1790;
606.434204;1791;
606.444946;1790;
606.455688;1790;
606.466431;1790;
606.477173;1790;
606.487915;1789;
606.498657;1790;
606.509399;1790;
606.520142;1790;
606.530884;1790;
606.541565;1791;
606.552307;1790;
606.563049;1790;
606.573792;1790;
606.584534;1790;
606.595276;1790;
606.606018;1790;
606.616760;1790;
606.627502;1790;
606.638245;1790;
606.648987;1790;
606.659729;1789;
606.670471;1790;
606.681213;1790;
606.691956;1790;
606.702698;1790;
606.713440;1790;
606.724182;1790;
606.734924;1790;
606.745667;1790;
606.756409;1790;
606.767151;1790;
606.777893;1790;
606.788635;1790;
606.799377;1790;
606.810120;1790;
606.820862;1790;
606.831604;1789;
606.842346;1790;
606.853088;1790;
606.863831;1789;
606.874573;1789;
606.885315;1790;
606.896057;1790;
606.906799;1790;
606.917542;1790;
606.928284;1789;
606.939026;1790;
606.949707;1789;
606.960449;1790;
606.971191;1789;
606.981934;1790;
606.992676;1790;
607.003418;1790;
607.014160;1790;
607.024902;1790;
607.035645;1790;
607.046387;1790;
607.057129;1790;
607.067871;1790;
607.078613;1790;
607.089355;1790;
607.100098;1794;
607.110840;1790;
607.121582;1790;
607.132324;1790;
607.143066;1790;
607.153809;1790;
607.164551;1790;
607.175293;1790;
607.186035;1791;
607.196777;1790;
607.207520;1790;
607.218262;1790;
607.229004;1790;
607.239746;1790;
607.250488;1791;
607.261230;1790;
607.271973;1790;
607.282715;1789;
607.293457;1791;
607.304199;1790;
607.314941;1790;
607.325684;1790;
607.336426;1790;
607.347168;1790;
607.357910;1790;
607.368591;1793;
607.379333;1823;
607.390076;2056;
607.400818;2257;
607.411560;2470;
607.422302;2918;
607.433044;4180;
607.443787;5938;
607.454529;12388;
607.465271;28490;
607.476013;38472;
607.486755;37056;
607.497498;28356;
607.508240;23736;
607.518982;20862;
607.529724;18854;
607.540466;17394;
607.551208;16237;
607.561951;15253;
607.572693;14370;
607.583435;13500;
607.594177;12295;
607.604919;10724;
607.615662;9242;
607.626404;7959;
607.637146;7256;
607.647888;6864;
607.658630;6633;
607.669373;6489;
607.680115;6341;
607.690857;6228;
607.701599;6059;
607.712341;5864;
607.723083;5645;
607.733826;5350;
607.744568;5004;
607.755310;4591;
607.766052;4132;
607.776794;3626;
607.787476;3067;
607.798218;2514;
607.808960;2089;
607.819702;1875;
607.830444;1801;
607.841187;1790;
607.851929;1790;
607.862671;1790;
607.873413;1790;
607.884155;1790;
607.894897;1790;
607.905640;1790;
607.916382;1790;
607.927124;1790;
607.937866;1790;
607.948608;1790;
607.959351;1790;
607.970093;1790;
607.980835;1790;
607.991577;1790;
608.002319;1790;
608.013062;1790;
608.023804;1790;
608.034546;1791;
608.045288;1790;
608.056030;1790;
608.066772;1789;
608.077515;1790;
608.088257;1790;
608.098999;1790;
608.109741;1790;
608.120483;1791;
608.131226;1790;
608.141968;1790;
608.152710;1789;
608.163452;1790;
608.174194;1789;
608.184937;1790;
608.195618;1790;
608.206360;1790;
608.217102;1790;
608.227844;1790;
608.238586;1790;
608.249329;1790;
608.260071;1790;
608.270813;1790;
608.281555;1790;
608.292297;1789;
608.303040;1790;
608.313782;1790;
608.324524;1790;
608.335266;1790;
608.346008;1790;
608.356750;1790;
608.367493;1790;
608.378235;1790;
608.388977;1790;
608.399719;1790;
608.410461;1790;
608.421204;1790;
608.431946;1790;
608.442688;1790;
608.453430;1790;
608.464172;1790;
608.474915;1790;
608.485657;1790;
608.496399;1790;
608.507141;1790;
608.517883;1790;
608.528625;1790;
608.539368;1790;
608.550110;1789;
608.560852;1790;
608.571594;1790;
608.582336;1790;
608.593079;1790;
608.603821;1790;
608.614502;1791;
608.625244;1790;
608.635986;1790;
608.646729;1790;
608.657471;1790;
608.668213;1790;
608.678955;1790;
608.689697;1790;
608.700439;1790;
608.711182;1798;
608.721924;1790;
608.732666;1790;
608.743408;1790;
608.754150;1790;
608.764893;1790;
608.775635;1790;
608.786377;1789;
608.797119;1790;
608.807861;1790;
608.818604;1790;
608.829346;1790;
608.840088;1790;
608.850830;1790;
608.861572;1790;
608.872314;1790;
608.883057;1790;
608.893799;1790;
608.904541;1789;
608.915283;1790;
608.926025;1790;
608.936768;1790;
608.947510;1789;
608.958252;1790;
608.968994;1790;
608.979736;1789;
608.990479;1790;
609.001221;1790;
609.011963;1790;
609.022644;1790;
609.033386;1790;
609.044128;1790;
609.054871;1790;
609.065613;1790;
609.076355;1790;
609.087097;1790;
609.097839;1790;
609.108582;1790;
609.119324;1790;
609.130066;1790;
609.140808;1790;
609.151550;1790;
609.162292;1790;
609.173035;1790;
609.183777;1790;
609.194519;1790;
609.205261;1790;
609.216003;1790;
609.226746;1790;
609.237488;1790;
609.248230;1790;
609.258972;1790;
609.269714;1790;
609.280457;1791;
609.291199;1790;
609.301941;1790;
609.312683;1790;
609.323425;1790;
609.334167;1790;
609.344910;1790;
609.355652;1790;
609.366394;1790;
609.377136;1790;
609.387878;1790;
609.398621;1790;
609.409363;1790;
609.420105;1790;
609.430847;1790;
609.441528;1790;
609.452271;1790;
609.463013;1790;
609.473755;1790;
609.484497;1791;
609.495239;1791;
609.505981;1790;
609.516724;1790;
609.527466;1790;
609.538208;1790;
609.548950;1790;
609.559692;1790;
609.570435;1790;
609.581177;1792;
609.591919;1791;
609.602661;1801;
609.613403;1851;
609.624146;2115;
609.634888;2347;
609.645630;2834;
609.656372;3971;
609.667114;5342;
609.677856;8058;
609.688599;13853;
609.699341;23379;
609.710083;39365;
609.720825;50666;
609.731567;52656;
609.742310;46490;
609.753052;39432;
609.763794;33941;
609.774536;30207;
609.785278;27356;
609.796021;25228;
609.806763;23411;
609.817505;21812;
609.828247;20073;
609.838989;18217;
609.849731;16301;
609.860413;14542;
609.871155;12865;
609.881897;11419;
609.892639;10417;
609.903381;9831;
609.914124;9406;
609.924866;9097;
609.935608;8805;
609.946350;8542;
609.957092;8154;
609.967834;7814;
609.978577;7399;
609.989319;6845;
610.000061;6160;
610.010803;5520;
610.021545;4895;
610.032288;4293;
610.043030;3594;
610.053772;2895;
610.064514;2318;
610.075256;1993;
610.085999;1848;
610.096741;1797;
610.107483;1791;
610.118225;1790;
610.128967;1797;
610.139709;1790;
610.150452;1790;
610.161194;1790;
610.171936;1790;
610.182678;1791;
610.193420;1790;
610.204163;1790;
610.214905;1790;
610.225647;1790;
610.236389;1790;
610.247131;1790;
610.257874;1790;
610.268555;1790;
610.279297;1790;
610.290039;1790;
610.300781;1790;
610.311523;1790;
610.322266;1790;
610.333008;1790;
610.343750;1799;
610.354492;1790;
610.365234;1790;
610.375977;1790;
610.386719;1790;
610.397461;1790;
610.408203;1788;
610.418945;1790;
610.429688;1790;
610.440430;1790;
610.451172;1790;
610.461914;1790;
610.472656;1790;
610.483398;1790;
610.494141;1790;
610.504883;1790;
610.515625;1790;
610.526367;1790;
610.537109;1790;
610.547852;1790;
610.558594;1790;
610.569336;1790;
610.580078;1790;
610.590820;1790;
610.601563;1789;
610.612305;1789;
610.623047;1790;
610.633789;1790;
610.644531;1790;
610.655273;1790;
610.666016;1790;
610.676758;1789;
610.687439;1790;
610.698181;1790;
610.708923;1790;
610.719666;1791;
610.730408;1790;
610.741150;1790;
610.751892;1790;
610.762634;1790;
610.773376;1790;
610.784119;1790;
610.794861;1790;
610.805603;1791;
610.816345;1789;
610.827087;1790